LiberationMono 37 27 10
  0 10 19
! 19 10 19
" 38 10 19
# 57 10 19
$ 76 10 19
% 95 10 19
& 114 10 19
' 133 10 19
( 152 10 19
) 171 10 19
* 190 10 19
+ 209 10 19
, 228 10 19
- 247 10 19
. 266 10 19
/ 285 10 19
0 304 10 19
1 0 47 19
2 19 47 19
3 38 47 19
4 57 47 19
5 76 47 19
6 95 47 19
7 114 47 19
8 133 47 19
9 152 47 19
: 171 47 19
; 190 47 19
< 209 47 19
= 228 47 19
> 247 47 19
? 266 47 19
@ 285 47 19
A 304 47 19
B 0 84 19
C 19 84 19
D 38 84 19
E 57 84 19
F 76 84 19
G 95 84 19
H 114 84 19
I 133 84 19
J 152 84 19
K 171 84 19
L 190 84 19
M 209 84 19
N 228 84 19
O 247 84 19
P 266 84 19
Q 285 84 19
R 304 84 19
S 0 121 19
T 19 121 19
U 38 121 19
V 57 121 19
W 76 121 19
X 95 121 19
Y 114 121 19
Z 133 121 19
[ 152 121 19
\ 171 121 19
] 190 121 19
^ 209 121 19
_ 228 121 19
` 247 121 19
a 266 121 19
b 285 121 19
c 304 121 19
d 0 158 19
e 19 158 19
f 38 158 19
g 57 158 19
h 76 158 19
i 95 158 19
j 114 158 19
k 133 158 19
l 152 158 19
m 171 158 19
n 190 158 19
o 209 158 19
p 228 158 19
q 247 158 19
r 266 158 19
s 285 158 19
t 304 158 19
u 0 195 19
v 19 195 19
w 38 195 19
x 57 195 19
y 76 195 19
z 95 195 19
{ 114 195 19
| 133 195 19
} 152 195 19
~ 171 195 19
9
~ 171 232 19
232 19
